---------------------------------
433MHz Sender

Power Plugs 1 Off:
Decimal: 4461884 (24Bit) Binary: 010001000001010100111100 Tri-State: F0F00FFF0110 PulseLength: 185 microseconds Protocol: 1
Raw data: 5720,164,568,548,184,168,576,156,576,160,572,548,184,168,580,152,576,160,572,164,576,156,576,544,188,164,576,540,188,164,580,536,196,156,584,148,588,148,584,152,580,156,580,152,584,152,584,148,580,

Power Plugs 1 On:
Decimal: 4461875 (24Bit) Binary: 010001000001010100110011 Tri-State: F0F00FFF0101 PulseLength: 185 microseconds Protocol: 1
Raw data: 5716,172,564,548,184,172,572,160,572,164,572,544,184,172,568,164,572,160,576,160,572,164,568,548,184,168,576,540,188,164,580,536,192,160,580,156,580,156,576,160,572,160,576,160,576,160,572,164,572,

Power Plugs 2 Off:
Decimal: 4462028 (24Bit) Binary: 010001000001010111001100 Tri-State: F0F00FFF1010 PulseLength: 185 microseconds Protocol: 1
Raw data: 5712,172,564,552,180,176,564,168,564,172,564,548,184,172,568,164,572,164,572,164,568,168,568,544,184,172,572,544,188,164,576,540,192,548,188,540,196,160,584,148,584,536,192,544,196,156,584,148,588,

Power Plugs 2 On:
Decimal: 4462019 (24Bit) Binary: 010001000001010111000011 Tri-State: F0F00FFF1001 PulseLength: 185 microseconds Protocol: 1
Raw data: 5716,172,568,544,192,164,572,160,572,164,568,548,184,168,572,164,572,160,576,160,576,160,568,548,184,168,576,540,188,164,580,536,192,160,580,156,580,152,584,152,580,156,576,160,576,156,576,160,576,

-------------------------------------
IR Sender

Samsung TV Power Button
uint16_t rawData[135] = {4580, 4432,  628, 1614,  628, 1612,  628, 1610,  626, 492,  626, 490,  630, 492,  626, 492,  628, 494,  624, 1614,  624, 1640,  602, 1610,  628, 516,  604, 490,  628, 492,  628, 490,  630, 490,  628, 492,  628, 1612,  626, 494,  626, 494,  626, 494,  626, 490,  628, 492,  628, 492,  626, 1612,  628, 490,  630, 1612,  626, 1612,  628, 1610,  626, 1614,  626, 1614,  624, 1612,  628, 46746,  4582, 4434,  624, 1614,  624, 1612,  626, 1614,  624, 492,  628, 492,  628, 490,  628, 492,  628, 494,  624, 1612,  628, 1610,  626, 1616,  624, 494,  626, 492,  628, 492,  626, 494,  626, 492,  626, 496,  624, 1614,  628, 490,  628, 490,  628, 492,  628, 492,  628, 490,  628, 492,  628, 1612,  626, 494,  626, 1612,  626, 1610,  628, 1612,  626, 1614,  626, 1614,  626, 1610,  630};  // SAMSUNG E0E040BF
uint32_t address = 0x7;
uint32_t command = 0x2;
uint64_t data = 0xE0E040BF;

Samsung TV SmartHub Button
uint16_t rawData[135] = {4578, 4430,  628, 1612,  626, 1608,  630, 1610,  630, 490,  628, 490,  628, 492,  628, 492,  628, 490,  628, 1612,  628, 1638,  600, 1614,  626, 492,  628, 490,  628, 490,  630, 490,  630, 490,  628, 1610,  630, 490,  628, 490,  628, 1614,  626, 1610,  628, 1612,  626, 1610,  628, 496,  624, 490,  628, 1610,  628, 1636,  602, 490,  628, 492,  628, 492,  628, 490,  628, 1618,  620, 46740,  4580, 4426,  630, 1636,  602, 1610,  628, 1610,  628, 492,  628, 490,  628, 488,  630, 494,  626, 486,  634, 1636,  602, 1610,  630, 1612,  626, 492,  628, 486,  632, 492,  628, 492,  628, 492,  626, 1610,  628, 490,  628, 492,  626, 1610,  630, 1610,  628, 1608,  630, 1610,  628, 492,  628, 486,  632, 1608,  628, 1610,  628, 492,  626, 492,  628, 488,  630, 492,  628, 1608,  632};  // SAMSUNG E0E09E61
uint32_t address = 0x7;
uint32_t command = 0x79;
uint64_t data = 0xE0E09E61;

Samsung TV OK Button
uint16_t rawData[135] = {4580, 4430,  626, 1614,  624, 1612,  628, 1612,  626, 492,  626, 490,  630, 492,  628, 490,  628, 492,  626, 1612,  628, 1612,  624, 1614,  624, 492,  626, 494,  626, 492,  626, 494,  626, 492,  626, 494,  626, 492,  628, 490,  630, 1612,  628, 492,  626, 1612,  626, 1612,  626, 492,  626, 1612,  626, 1638,  600, 1612,  628, 492,  626, 1612,  628, 492,  628, 490,  628, 1612,  628, 46748,  4580, 4430,  630, 1608,  630, 1610,  630, 1610,  628, 490,  628, 492,  628, 490,  628, 492,  628, 490,  628, 1616,  624, 1612,  626, 1612,  628, 492,  626, 492,  628, 492,  628, 492,  626, 492,  628, 488,  628, 492,  630, 488,  630, 1638,  600, 490,  628, 1612,  628, 1612,  626, 492,  628, 1614,  626, 1612,  628, 1610,  628, 490,  628, 1638,  600, 492,  628, 494,  624, 1612,  626};  // SAMSUNG E0E016E9
uint32_t address = 0x7;
uint32_t command = 0x68;
uint64_t data = 0xE0E016E9;

Samsung TV Volume Down Button
uint16_t rawData[135] = {4584, 4426,  630, 1612,  626, 1612,  624, 1612,  628, 494,  624, 492,  628, 490,  630, 492,  626, 492,  628, 1612,  628, 1612,  628, 1614,  624, 492,  628, 492,  626, 490,  630, 488,  628, 494,  626, 1612,  626, 1610,  628, 492,  626, 1614,  626, 490,  628, 492,  628, 490,  628, 492,  626, 494,  626, 490,  628, 1614,  626, 488,  632, 1612,  624, 1612,  626, 1614,  624, 1612,  628, 46738,  4578, 4434,  626, 1616,  624, 1614,  624, 1612,  628, 492,  628, 492,  626, 492,  626, 492,  628, 492,  626, 1638,  602, 1610,  626, 1612,  626, 494,  624, 492,  626, 492,  628, 518,  602, 492,  624, 1614,  628, 1610,  628, 492,  626, 1610,  628, 492,  628, 490,  628, 492,  624, 492,  628, 492,  624, 492,  628, 1612,  626, 492,  626, 1614,  622, 1614,  628, 1610,  628, 1614,  626};  // SAMSUNG E0E0D02F
uint32_t address = 0x7;
uint32_t command = 0xB;
uint64_t data = 0xE0E0D02F;

Samsung TV Volume Up Button
uint16_t rawData[135] = {4582, 4428,  630, 1612,  624, 1614,  624, 1612,  628, 492,  628, 490,  630, 490,  628, 494,  626, 492,  628, 1614,  624, 1610,  628, 1612,  628, 490,  630, 490,  628, 488,  628, 494,  626, 492,  626, 1614,  624, 1612,  626, 1610,  630, 494,  626, 490,  630, 492,  626, 490,  630, 488,  632, 516,  602, 490,  630, 488,  632, 1608,  630, 1606,  632, 1614,  624, 1614,  626, 1612,  626, 46742,  4580, 4430,  626, 1612,  626, 1614,  626, 1610,  628, 492,  628, 492,  626, 490,  630, 490,  628, 494,  626, 1606,  632, 1612,  628, 1610,  626, 492,  628, 492,  626, 492,  626, 496,  624, 496,  624, 1610,  628, 1610,  628, 1612,  626, 494,  626, 492,  628, 490,  628, 490,  628, 494,  624, 494,  626, 492,  626, 492,  628, 1612,  626, 1616,  622, 1612,  626, 1614,  624, 1612,  628};  // SAMSUNG E0E0E01F
uint32_t address = 0x7;
uint32_t command = 0x7;
uint64_t data = 0xE0E0E01F;

Samsung TV Left Button
uint16_t rawData[135] = {4580, 4430,  628, 1614,  626, 1638,  600, 1612,  628, 492,  626, 494,  626, 494,  628, 492,  628, 490,  628, 1610,  628, 1612,  626, 1612,  628, 490,  628, 490,  630, 492,  626, 494,  628, 492,  626, 1614,  626, 490,  628, 1612,  630, 490,  628, 490,  630, 1608,  630, 1612,  628, 490,  630, 490,  628, 1614,  624, 492,  628, 1614,  626, 1640,  600, 492,  626, 492,  628, 1612,  628, 46742,  4582, 4430,  628, 1612,  628, 1610,  628, 1610,  628, 490,  628, 490,  630, 490,  628, 492,  630, 490,  626, 1612,  626, 1612,  628, 1614,  626, 496,  622, 494,  626, 492,  628, 490,  628, 490,  630, 1610,  630, 490,  628, 1612,  626, 490,  628, 494,  628, 1610,  626, 1612,  626, 492,  628, 492,  628, 1614,  626, 492,  626, 1612,  628, 1610,  630, 490,  628, 490,  630, 1612,  626};  // SAMSUNG E0E0A659
uint32_t address = 0x7;
uint32_t command = 0x65;
uint64_t data = 0xE0E0A659;

Samsung TV Right Button
uint16_t rawData[135] = {4586, 4430,  630, 1610,  628, 1608,  630, 1612,  628, 490,  630, 490,  628, 492,  628, 490,  630, 492,  628, 1614,  626, 1612,  628, 1638,  602, 490,  630, 488,  630, 490,  632, 488,  630, 490,  630, 490,  630, 1610,  630, 488,  628, 494,  626, 490,  630, 1610,  630, 1610,  628, 492,  626, 1614,  626, 488,  632, 1610,  628, 1608,  630, 1610,  630, 490,  630, 486,  630, 1612,  628, 46740,  4584, 4430,  628, 1610,  628, 1614,  624, 1614,  624, 494,  626, 490,  630, 490,  628, 492,  628, 490,  630, 1608,  630, 1636,  602, 1610,  630, 486,  632, 488,  630, 490,  628, 492,  628, 492,  626, 490,  630, 1612,  628, 492,  626, 492,  628, 492,  630, 1610,  630, 1610,  628, 492,  628, 1608,  630, 490,  628, 1612,  626, 1610,  628, 1612,  628, 492,  628, 492,  626, 1614,  626};  // SAMSUNG E0E046B9
uint32_t address = 0x7;
uint32_t command = 0x62;
uint64_t data = 0xE0E046B9;

Samsung TV Source Button
uint16_t rawData[135] = {4584, 4430,  630, 1610,  630, 1608,  632, 1606,  632, 490,  628, 488,  630, 486,  632, 514,  604, 490,  630, 1610,  630, 1608,  630, 1608,  630, 492,  628, 490,  630, 486,  632, 486,  634, 488,  630, 1608,  630, 488,  632, 488,  632, 488,  628, 488,  632, 490,  628, 488,  630, 488,  630, 490,  628, 1610,  630, 1610,  630, 1608,  632, 1606,  634, 1606,  632, 1610,  626, 1610,  630, 46740,  4586, 4424,  632, 1608,  628, 1612,  626, 1608,  630, 516,  604, 490,  632, 488,  630, 486,  632, 488,  630, 1612,  628, 1608,  630, 1608,  632, 490,  628, 488,  632, 486,  630, 488,  630, 490,  630, 1610,  628, 488,  630, 488,  630, 492,  628, 490,  630, 490,  632, 488,  630, 490,  630, 488,  630, 1608,  630, 1610,  628, 1610,  628, 1610,  630, 1608,  630, 1610,  630, 1612,  628};  // SAMSUNG E0E0807F
uint32_t address = 0x7;
uint32_t command = 0x1;
uint64_t data = 0xE0E0807F;

Receiver Power Button 1
uint16_t rawData[21] = {990, 820,  1880, 792,  992, 1666,  1906, 818,  966, 792,  992, 820,  964, 794,  990, 1666,  990, 796,  1904, 794,  992};  // RC5 20C
uint32_t address = 0x8;
uint32_t command = 0xC;
uint64_t data = 0x20C;

Receiver Power Button 2
uint16_t rawData[21] = {988, 800,  986, 796,  1904, 1666,  1904, 796,  988, 796,  988, 822,  962, 796,  988, 1696,  960, 798,  1900, 798,  990};  // RC5 A0C
uint32_t address = 0x8;
uint32_t command = 0xC;
uint64_t data = 0xA0C;